2.875354647636413352e-01 8.749999999999999445e-02 2.301037492179870636e+00 1.428999999999999915e+01
2.895251065492630005e-01 7.499999999999999722e-02 2.291837754631042667e+00 1.125999999999999979e+01
2.830734282732009777e-01 1.875000000000000000e-01 2.281029767799377606e+00 1.027999999999999936e+01
2.834756016731262429e-01 1.875000000000000000e-01 2.263563089942932205e+00 1.448000000000000043e+01
2.784299850463867188e-01 2.124999999999999944e-01 2.238315780258178567e+00 2.746999999999999886e+01
2.711186856031417847e-01 2.625000000000000111e-01 2.177689588451385383e+00 2.291000000000000014e+01
2.747704595327377097e-01 1.875000000000000000e-01 2.103536259841919165e+00 3.747999999999999687e+01
2.547780334949493186e-01 2.999999999999999889e-01 2.023366747856140346e+00 5.021000000000000085e+01
2.338340237736701854e-01 5.374999999999999778e-01 1.861462879085540756e+00 5.350999999999999801e+01
2.255489960312843378e-01 4.375000000000000000e-01 1.700546014404296979e+00 5.692000000000000171e+01
1.939379513263702337e-01 5.250000000000000222e-01 1.477689413452148548e+00 6.670000000000000284e+01
1.629168264567852076e-01 6.374999999999999556e-01 1.280083757877349848e+00 6.626000000000000512e+01
1.352302677929401453e-01 6.374999999999999556e-01 1.185454099297523545e+00 6.618000000000000682e+01
1.273092612624168452e-01 6.999999999999999556e-01 1.115160451197624303e+00 6.659000000000000341e+01
1.241432905197143582e-01 6.624999999999999778e-01 1.121532238364219669e+00 6.715999999999999659e+01
9.325403086841106692e-02 7.624999999999999556e-01 1.030059435105323828e+00 6.982999999999999829e+01
1.175088942050933893e-01 7.125000000000000222e-01 9.504737237215041823e-01 7.275000000000000000e+01
7.942980527877807617e-02 8.249999999999999556e-01 9.793145103216170932e-01 7.101999999999999602e+01
8.402084149420260828e-02 8.125000000000000000e-01 9.850411004185676278e-01 7.048999999999999488e+01
7.973450832068920691e-02 7.750000000000000222e-01 1.009208725917339233e+00 7.050000000000000000e+01
5.935154929757117948e-02 8.750000000000000000e-01 1.044377714955806669e+00 7.032999999999999829e+01
6.130955573171377460e-02 8.375000000000000222e-01 9.969913069963455277e-01 7.034999999999999432e+01
6.987557560205459595e-02 8.000000000000000444e-01 9.560249981403350361e-01 7.109999999999999432e+01
6.529174707829951685e-02 8.625000000000000444e-01 9.052042853116989418e-01 7.234000000000000341e+01
3.985689934343099317e-02 9.250000000000000444e-01 8.906387580037117280e-01 7.368000000000000682e+01
4.920729771256446977e-02 8.625000000000000444e-01 9.653565266132354550e-01 7.359999999999999432e+01
4.476754963397979598e-02 8.625000000000000444e-01 1.054173648405074992e+00 7.207999999999999829e+01
3.159833867102861127e-02 9.375000000000000000e-01 1.023289511287212461e+00 7.215999999999999659e+01
5.363318081945180754e-02 9.000000000000000222e-01 1.055492314636707230e+00 7.101999999999999602e+01
3.441508505493402759e-02 8.874999999999999556e-01 1.078810266089439418e+00 7.120000000000000284e+01
4.144628010690212111e-02 9.000000000000000222e-01 1.012970523929595856e+00 7.314000000000000057e+01
3.937457948923110684e-02 9.124999999999999778e-01 1.043381203401088753e+00 7.260999999999999943e+01
3.197644539177417478e-02 9.625000000000000222e-01 1.038483061432838417e+00 7.290999999999999659e+01
4.419668391346931458e-02 9.000000000000000222e-01 9.961148753166199077e-01 7.320999999999999375e+01
1.995674856007099290e-02 9.499999999999999556e-01 1.064183586204052068e+00 7.259999999999999432e+01
3.903715852648019513e-02 9.000000000000000222e-01 1.066940926265716572e+00 7.293999999999999773e+01
2.612467072904110094e-02 9.375000000000000000e-01 9.814803787469863483e-01 7.465000000000000568e+01
2.539963051676750322e-02 9.124999999999999778e-01 9.631234985470771282e-01 7.476000000000000512e+01
2.550260126590728899e-02 9.375000000000000000e-01 9.867543099880218271e-01 7.457999999999999829e+01
3.079671934247017046e-02 9.250000000000000444e-01 9.686096109509467755e-01 7.498000000000000398e+01
3.449133839458227296e-02 9.124999999999999778e-01 1.065182952201366495e+00 7.409999999999999432e+01
3.257489874958992282e-02 9.000000000000000222e-01 1.141452813637256591e+00 7.332999999999999829e+01
2.635017000138759752e-02 9.375000000000000000e-01 1.160371009361743866e+00 7.320000000000000284e+01
2.162190265953540733e-02 9.499999999999999556e-01 1.194089650273323144e+00 7.276999999999999602e+01
2.232431657612323622e-02 9.499999999999999556e-01 1.204798274278640724e+00 7.284000000000000341e+01
2.892681024968624115e-02 9.000000000000000222e-01 1.178343138861656092e+00 7.340000000000000568e+01
4.091335125267505507e-02 8.750000000000000000e-01 1.030776565074920548e+00 7.520999999999999375e+01
2.137666996568441530e-02 9.499999999999999556e-01 1.052828392112255207e+00 7.470000000000000284e+01
1.993617620319127967e-02 9.499999999999999556e-01 1.117622540104389106e+00 7.342000000000000171e+01
7.744065672159195120e-03 9.875000000000000444e-01 1.209236712217330867e+00 7.275000000000000000e+01
2.286267690360545973e-02 9.375000000000000000e-01 1.271296307313442231e+00 7.298000000000000398e+01
3.098140843212604523e-02 9.250000000000000444e-01 1.280097286999225537e+00 7.293000000000000682e+01
1.736476588994264464e-02 9.499999999999999556e-01 1.264336789333820432e+00 7.306000000000000227e+01
2.228798419237136910e-02 9.375000000000000000e-01 1.212746638369560204e+00 7.401999999999999602e+01
1.880232170224189689e-02 9.499999999999999556e-01 1.238035447919368703e+00 7.345999999999999375e+01
3.316455557942390303e-02 9.124999999999999778e-01 1.216431334447860779e+00 7.368000000000000682e+01
3.830327950417995730e-02 9.375000000000000000e-01 1.181215076875686609e+00 7.373000000000000398e+01
3.373800069093704085e-02 9.124999999999999778e-01 1.205739825296402001e+00 7.348999999999999488e+01
1.705803629010915756e-02 9.749999999999999778e-01 1.205367422854900283e+00 7.370999999999999375e+01
2.020363882184028625e-02 9.625000000000000222e-01 1.238273483955860232e+00 7.415000000000000568e+01
1.656970810145139833e-02 9.625000000000000222e-01 1.317814151108264831e+00 7.364000000000000057e+01
2.371109388768672874e-02 9.124999999999999778e-01 1.458221324193477608e+00 7.215999999999999659e+01
2.450473308563232491e-02 9.375000000000000000e-01 1.503464631152153119e+00 7.195000000000000284e+01
1.885257642716169427e-02 9.499999999999999556e-01 1.439467985844612219e+00 7.273999999999999488e+01
2.777085378766059806e-02 9.000000000000000222e-01 1.345162502396106685e+00 7.409999999999999432e+01
1.760357953608036180e-02 9.499999999999999556e-01 1.449816752648353635e+00 7.268999999999999773e+01
3.647048100829124173e-02 9.124999999999999778e-01 1.337498037719726529e+00 7.329000000000000625e+01
3.054666556417941908e-02 9.250000000000000444e-01 1.159033412647247241e+00 7.554000000000000625e+01
1.821828037500381609e-02 9.375000000000000000e-01 1.186288619613647510e+00 7.509000000000000341e+01
1.221144832670688699e-02 9.749999999999999778e-01 1.254489676427841260e+00 7.454999999999999716e+01
2.611155509948730538e-02 9.375000000000000000e-01 1.245318115210533039e+00 7.454999999999999716e+01
1.494300253689289162e-02 9.625000000000000222e-01 1.198083564019203129e+00 7.506000000000000227e+01
1.579359732568264008e-02 9.499999999999999556e-01 1.242896008956432263e+00 7.504000000000000625e+01
1.701100170612335205e-02 9.625000000000000222e-01 1.326202827954292340e+00 7.414000000000000057e+01
9.240638092160224568e-03 9.875000000000000444e-01 1.381836290848255100e+00 7.375000000000000000e+01
1.326762661337852443e-02 9.749999999999999778e-01 1.396595879220962511e+00 7.400000000000000000e+01
1.938535869121551375e-02 9.375000000000000000e-01 1.337434623456001281e+00 7.539000000000000057e+01
1.150948349386453698e-02 9.875000000000000444e-01 1.342567831647396126e+00 7.459000000000000341e+01
1.276065334677696159e-02 9.625000000000000222e-01 1.333977625727653438e+00 7.453000000000000114e+01
1.487986687570810353e-02 9.499999999999999556e-01 1.241664724767208128e+00 7.556999999999999318e+01
1.527736503630876611e-02 9.625000000000000222e-01 1.237285245048999727e+00 7.570000000000000284e+01
1.259819976985454559e-02 9.749999999999999778e-01 1.266077176594734288e+00 7.568999999999999773e+01
2.279923260211944719e-02 9.375000000000000000e-01 1.454326476800441803e+00 7.390999999999999659e+01
2.386896889656782081e-02 9.124999999999999778e-01 1.595046158772706946e+00 7.226999999999999602e+01
2.970309108495712211e-02 9.250000000000000444e-01 1.531760924541950120e+00 7.259000000000000341e+01
2.751320414245128632e-02 9.250000000000000444e-01 1.483589841353893268e+00 7.259999999999999432e+01
1.257493235170841286e-02 9.625000000000000222e-01 1.441910001444816514e+00 7.318000000000000682e+01
9.797393903136253010e-03 1.000000000000000000e+00 1.413449421882629453e+00 7.400000000000000000e+01
7.784948498010635203e-03 9.749999999999999778e-01 1.442514197337627424e+00 7.420999999999999375e+01
1.985513120889663766e-02 9.375000000000000000e-01 1.486536221647262623e+00 7.404000000000000625e+01
1.365127936005592311e-02 9.749999999999999778e-01 1.533322863769531308e+00 7.323000000000000398e+01
1.383061055094003677e-02 9.625000000000000222e-01 1.523562964296340860e+00 7.325000000000000000e+01
4.346527419984340390e-02 9.250000000000000444e-01 1.282136867737770025e+00 7.510999999999999943e+01
1.279986314475536381e-02 9.625000000000000222e-01 1.239856534785032327e+00 7.537999999999999545e+01
1.816742271184921403e-02 9.749999999999999778e-01 1.234409115087985898e+00 7.515000000000000568e+01
2.879393752664327621e-02 9.499999999999999556e-01 1.218336221253871976e+00 7.565999999999999659e+01
1.037467271089553833e-02 9.749999999999999778e-01 1.272036122703552152e+00 7.496999999999999886e+01
8.199059963226318012e-03 9.749999999999999778e-01 1.337678164023160976e+00 7.446999999999999886e+01
7.951278425753115914e-03 9.875000000000000444e-01 1.342811386179924016e+00 7.498999999999999488e+01
1.375759243965148960e-02 9.749999999999999778e-01 1.360401459324359852e+00 7.525000000000000000e+01
1.123968325555324554e-02 9.499999999999999556e-01 1.300542309373617256e+00 7.550000000000000000e+01
9.723938070237636566e-03 9.749999999999999778e-01 1.347143862473964671e+00 7.495000000000000284e+01
1.519910916686057975e-02 9.625000000000000222e-01 1.497675491964816974e+00 7.375000000000000000e+01
2.437256742268800735e-02 9.499999999999999556e-01 1.635900532960891773e+00 7.260999999999999943e+01
2.336570993065834045e-02 9.250000000000000444e-01 1.598878051328659122e+00 7.390999999999999659e+01
5.552598088979720896e-03 1.000000000000000000e+00 1.466954455471038754e+00 7.515000000000000568e+01
1.120837628841400181e-02 9.749999999999999778e-01 1.468700748252868671e+00 7.545000000000000284e+01
8.300002291798591267e-03 9.749999999999999778e-01 1.531411223900318141e+00 7.526000000000000512e+01
2.507221102714538713e-02 9.625000000000000222e-01 1.734542092728614815e+00 7.315999999999999659e+01
2.217518966645002504e-02 9.375000000000000000e-01 1.572642658567428686e+00 7.434000000000000341e+01
6.406643241643905466e-03 9.875000000000000444e-01 1.528941761672496735e+00 7.443000000000000682e+01
2.439616285264491896e-02 9.499999999999999556e-01 1.543667538666725125e+00 7.426000000000000512e+01
8.388230577111244202e-03 9.875000000000000444e-01 1.618881414914131067e+00 7.334000000000000341e+01
1.861141584813594957e-02 9.625000000000000222e-01 1.680051376712322186e+00 7.306999999999999318e+01
1.267060935497283866e-02 9.625000000000000222e-01 1.648560602784156837e+00 7.290000000000000568e+01
2.625879459083080292e-02 9.375000000000000000e-01 1.527933650195598680e+00 7.428000000000000114e+01
1.121462062001228263e-02 9.875000000000000444e-01 1.416560729980468780e+00 7.553000000000000114e+01
1.168183200061321224e-02 9.625000000000000222e-01 1.448262746763229414e+00 7.495000000000000284e+01
1.755599528551101546e-02 9.625000000000000222e-01 1.448058214199543059e+00 7.423000000000000398e+01
1.303657107055187191e-02 9.625000000000000222e-01 1.446336952900886486e+00 7.406999999999999318e+01
1.001138612627983093e-02 9.875000000000000444e-01 1.434689324879646399e+00 7.440999999999999659e+01
1.955126430839300086e-02 9.749999999999999778e-01 1.421642369031906217e+00 7.550000000000000000e+01
2.828872315585613181e-02 9.124999999999999778e-01 1.429656256711482998e+00 7.515000000000000568e+01
8.789417706429958690e-03 9.749999999999999778e-01 1.489120052957534801e+00 7.465999999999999659e+01
1.327113900333642960e-02 9.375000000000000000e-01 1.578955303347110650e+00 7.421999999999999886e+01
1.127105802297592198e-02 9.625000000000000222e-01 1.640812646508216899e+00 7.385999999999999943e+01
1.967082098126411369e-02 9.749999999999999778e-01 1.430693984031677246e+00 7.556000000000000227e+01
6.296141818165778940e-03 9.749999999999999778e-01 1.291184968614578210e+00 7.651999999999999602e+01
1.681559458374977042e-02 9.250000000000000444e-01 1.247649297797679857e+00 7.631000000000000227e+01
1.198291853070259164e-02 9.625000000000000222e-01 1.263504395365715016e+00 7.581000000000000227e+01
2.172413133084773879e-02 9.625000000000000222e-01 1.220257832407951382e+00 7.593000000000000682e+01
2.372014224529266427e-02 9.749999999999999778e-01 1.271367008805274867e+00 7.495000000000000284e+01
1.337961405515670707e-02 9.625000000000000222e-01 1.370878125226497657e+00 7.393999999999999773e+01
1.729946359992027421e-02 9.250000000000000444e-01 1.527567706286907301e+00 7.293999999999999773e+01
8.460426703095436096e-03 9.749999999999999778e-01 1.597796182262897435e+00 7.285999999999999943e+01
1.932767741382122179e-02 9.625000000000000222e-01 1.665764914238452965e+00 7.259999999999999432e+01
2.113940827548503945e-02 9.749999999999999778e-01 1.660242874288558879e+00 7.314000000000000057e+01
5.651370063424110760e-03 9.875000000000000444e-01 1.490252009642124120e+00 7.495999999999999375e+01
6.030911393463611429e-03 9.875000000000000444e-01 1.464246822249889446e+00 7.554999999999999716e+01
1.214150711894035339e-02 9.749999999999999778e-01 1.461582470476627371e+00 7.584999999999999432e+01
8.484698832035064697e-03 9.749999999999999778e-01 1.451453974509239186e+00 7.607999999999999829e+01
1.232485771179199149e-02 9.749999999999999778e-01 1.473555903911590637e+00 7.604999999999999716e+01
1.194038689136505196e-02 9.625000000000000222e-01 1.418117209911346377e+00 7.629999999999999716e+01
8.904280699789523731e-03 9.875000000000000444e-01 1.416125593972206165e+00 7.640999999999999659e+01
6.010418385267257343e-03 9.875000000000000444e-01 1.442581059741973926e+00 7.650000000000000000e+01
1.971387937664985726e-02 9.749999999999999778e-01 1.449988243448734337e+00 7.626999999999999602e+01
1.166942156851291656e-02 9.625000000000000222e-01 1.468379129648208714e+00 7.614000000000000057e+01
1.256169527769088710e-02 9.375000000000000000e-01 1.509760724079608929e+00 7.598999999999999488e+01
8.238931745290755879e-03 9.749999999999999778e-01 1.563156184029579121e+00 7.581999999999999318e+01
9.203524887561797749e-03 9.499999999999999556e-01 1.584129395020008158e+00 7.606000000000000227e+01
2.694728784263134003e-02 9.375000000000000000e-01 1.563573050105571793e+00 7.578000000000000114e+01
7.480516284704208547e-03 9.875000000000000444e-01 1.535757208108901928e+00 7.589000000000000057e+01
2.645041160285472800e-02 9.499999999999999556e-01 1.533435495889186928e+00 7.537000000000000455e+01
1.706601195037365029e-02 9.625000000000000222e-01 1.432490590322017754e+00 7.546999999999999886e+01
6.918275356292724262e-03 9.875000000000000444e-01 1.437266802924871412e+00 7.518000000000000682e+01
8.936357125639915813e-03 9.749999999999999778e-01 1.477410073101520505e+00 7.512999999999999545e+01
8.752134814858435891e-03 9.749999999999999778e-01 1.520595528650283912e+00 7.478000000000000114e+01
1.012152284383773838e-02 9.499999999999999556e-01 1.541926357650756918e+00 7.456999999999999318e+01
8.385871723294257424e-03 9.749999999999999778e-01 1.619845164418220573e+00 7.381999999999999318e+01
9.841757267713547100e-03 9.749999999999999778e-01 1.740745220470428567e+00 7.256000000000000227e+01
2.660323865711688995e-02 9.250000000000000444e-01 1.620267268836498298e+00 7.373000000000000398e+01
2.017760891467332979e-02 9.375000000000000000e-01 1.322317861711978848e+00 7.618999999999999773e+01
1.015141569077968563e-02 9.375000000000000000e-01 1.225778099262714305e+00 7.703000000000000114e+01
9.440091252326966026e-03 9.875000000000000444e-01 1.224681807792186827e+00 7.703000000000000114e+01
1.083571314811706578e-02 9.749999999999999778e-01 1.275045066821575146e+00 7.685999999999999943e+01
1.660290695726871629e-02 9.625000000000000222e-01 1.338112507855892197e+00 7.656999999999999318e+01
9.968424215912818909e-03 9.749999999999999778e-01 1.362603781259059899e+00 7.650000000000000000e+01
6.631598621606826609e-03 1.000000000000000000e+00 1.357089427149295702e+00 7.654000000000000625e+01
2.327934987843036790e-02 9.250000000000000444e-01 1.373276552617549884e+00 7.653000000000000114e+01
2.331944629549980233e-02 9.124999999999999778e-01 1.407794585585594227e+00 7.539000000000000057e+01
9.907568432390689503e-03 9.749999999999999778e-01 1.469602524185180670e+00 7.445999999999999375e+01
5.308179184794425964e-03 1.000000000000000000e+00 1.457642198860645388e+00 7.453000000000000114e+01
7.074313983321189707e-03 9.749999999999999778e-01 1.458028279590606768e+00 7.546999999999999886e+01
1.042599836364388466e-02 9.875000000000000444e-01 1.501273978626727956e+00 7.553000000000000114e+01
1.516626402735710144e-02 9.625000000000000222e-01 1.515160346376895895e+00 7.554999999999999716e+01
1.071030264720320736e-02 9.875000000000000444e-01 1.466338454270362801e+00 7.628000000000000114e+01
2.058548815548420091e-02 9.499999999999999556e-01 1.504000002646446177e+00 7.621999999999999886e+01
7.834702357649802815e-03 9.875000000000000444e-01 1.590173573172092514e+00 7.500000000000000000e+01
1.093381084501743317e-02 9.875000000000000444e-01 1.636868423473835099e+00 7.406999999999999318e+01
1.419091206043958733e-02 9.749999999999999778e-01 1.536426266539096863e+00 7.451000000000000512e+01
1.220317110419273307e-02 9.875000000000000444e-01 1.500562897145748087e+00 7.518999999999999773e+01
9.838987141847610474e-03 9.749999999999999778e-01 1.473118354225158688e+00 7.532999999999999829e+01
6.717469729483127767e-03 9.875000000000000444e-01 1.493809551858902074e+00 7.529999999999999716e+01
8.939447626471520164e-03 9.625000000000000222e-01 1.521097453904151964e+00 7.550000000000000000e+01
4.712955653667449604e-03 9.875000000000000444e-01 1.567920285117626156e+00 7.545000000000000284e+01
1.028868071734905312e-02 9.625000000000000222e-01 1.613638311755657195e+00 7.535999999999999943e+01
1.392149552702903748e-02 9.625000000000000222e-01 1.721391225886344856e+00 7.443000000000000682e+01
5.870085582137108196e-03 9.875000000000000444e-01 1.756236224186420447e+00 7.395999999999999375e+01
4.927055910229682922e-03 9.875000000000000444e-01 1.719595243674516771e+00 7.440000000000000568e+01
1.166916619986295769e-02 9.375000000000000000e-01 1.703470585358142886e+00 7.473999999999999488e+01
1.633584108203649590e-02 9.375000000000000000e-01 1.733022190248966199e+00 7.470000000000000284e+01
8.545227535068988106e-03 9.749999999999999778e-01 1.849694818145036779e+00 7.382999999999999829e+01
4.103026613593101224e-02 9.625000000000000222e-01 1.695773844051361001e+00 7.493999999999999773e+01
1.547450534999370540e-02 9.749999999999999778e-01 1.544635282242298180e+00 7.560999999999999943e+01
5.165605247020721782e-03 9.875000000000000444e-01 1.499147967112064439e+00 7.560999999999999943e+01
5.829377286136150534e-03 9.875000000000000444e-01 1.482305649018287763e+00 7.582999999999999829e+01
1.794396303594112535e-02 9.625000000000000222e-01 1.451896561336517344e+00 7.654000000000000625e+01
2.471828833222389221e-03 9.875000000000000444e-01 1.446429214310646083e+00 7.659999999999999432e+01
1.290693171322345768e-02 9.375000000000000000e-01 1.440718501758575520e+00 7.698999999999999488e+01
7.096117362380027771e-03 9.875000000000000444e-01 1.460342966401577014e+00 7.673999999999999488e+01
1.874980479478836198e-02 9.499999999999999556e-01 1.498763722658157382e+00 7.640999999999999659e+01
1.146208718419075047e-02 9.499999999999999556e-01 1.565826232230663306e+00 7.568000000000000682e+01
7.389138638973236257e-03 9.625000000000000222e-01 1.574217115962505353e+00 7.553000000000000114e+01
5.753006041049957449e-03 9.875000000000000444e-01 1.569177548563480462e+00 7.565999999999999659e+01
4.702132195234298706e-03 9.749999999999999778e-01 1.547765262353420157e+00 7.612000000000000455e+01
1.909160166978835990e-02 9.499999999999999556e-01 1.560313274592161070e+00 7.609999999999999432e+01
1.341044083237647941e-02 9.625000000000000222e-01 1.597517112588882515e+00 7.512000000000000455e+01
1.661363393068313737e-02 9.625000000000000222e-01 1.521445813846588058e+00 7.520000000000000284e+01
4.500518366694450205e-03 1.000000000000000000e+00 1.532905509734153737e+00 7.535999999999999943e+01
2.377316933125257423e-02 9.250000000000000444e-01 1.424052244603633888e+00 7.659999999999999432e+01
4.374724626541137522e-03 9.875000000000000444e-01 1.374125451111793517e+00 7.690999999999999659e+01
1.140685267746448586e-02 9.625000000000000222e-01 1.403745897781848884e+00 7.645999999999999375e+01
4.293998330831527363e-03 9.875000000000000444e-01 1.438827479565143674e+00 7.637999999999999545e+01
5.420767888426780874e-03 9.875000000000000444e-01 1.448037906646728601e+00 7.659999999999999432e+01
1.430737394839525292e-02 9.875000000000000444e-01 1.439401137638091965e+00 7.671999999999999886e+01
5.837874114513396870e-03 9.749999999999999778e-01 1.463528690242767327e+00 7.648999999999999488e+01
6.787258014082908457e-03 9.749999999999999778e-01 1.519886330544948594e+00 7.593000000000000682e+01
9.289969131350517620e-03 9.625000000000000222e-01 1.513194383656978559e+00 7.617000000000000171e+01
1.580146979540586472e-02 9.625000000000000222e-01 1.439611486601829471e+00 7.707999999999999829e+01
6.399422883987426758e-03 9.875000000000000444e-01 1.412965554153919223e+00 7.743000000000000682e+01
7.013866305351256977e-03 9.625000000000000222e-01 1.447037301373481855e+00 7.723999999999999488e+01
5.046686157584190369e-03 9.875000000000000444e-01 1.501870688092708628e+00 7.681999999999999318e+01
5.322061665356159384e-03 9.875000000000000444e-01 1.574875613284111076e+00 7.634000000000000341e+01
2.712102606892585754e-03 1.000000000000000000e+00 1.630891110110282982e+00 7.625000000000000000e+01
1.020874716341495583e-02 9.749999999999999778e-01 1.633290437221527114e+00 7.631999999999999318e+01
3.136737644672393712e-03 1.000000000000000000e+00 1.623352483749389563e+00 7.651999999999999602e+01
7.050779461860656565e-03 9.875000000000000444e-01 1.644618612277507719e+00 7.656000000000000227e+01
6.211217120289802204e-03 9.875000000000000444e-01 1.665381364130973818e+00 7.645000000000000284e+01
8.347682654857635498e-03 9.749999999999999778e-01 1.651632603204250316e+00 7.673999999999999488e+01
7.761878520250320088e-03 9.749999999999999778e-01 1.683616600334644220e+00 7.645999999999999375e+01
1.033801399171352386e-02 9.499999999999999556e-01 1.714371323454380036e+00 7.626000000000000512e+01
1.179037466645240818e-02 9.499999999999999556e-01 1.697425356400013019e+00 7.587999999999999545e+01
4.922027513384818857e-03 9.875000000000000444e-01 1.703723551523685487e+00 7.567000000000000171e+01
4.359035938978195364e-03 9.875000000000000444e-01 1.786615920460224105e+00 7.514000000000000057e+01
1.651330627501011034e-02 9.375000000000000000e-01 1.770846806550026020e+00 7.520999999999999375e+01
8.232973143458366047e-03 9.749999999999999778e-01 1.795836602497100865e+00 7.509000000000000341e+01
7.811353728175163443e-03 9.625000000000000222e-01 1.750881977510452270e+00 7.553000000000000114e+01
1.447821334004402091e-02 9.625000000000000222e-01 1.600369060802459664e+00 7.617000000000000171e+01
1.064889989793300559e-02 9.375000000000000000e-01 1.433831952369213125e+00 7.793999999999999773e+01
8.615626767277718284e-03 9.875000000000000444e-01 1.386719242298602994e+00 7.848000000000000398e+01
2.610061690211295995e-03 9.875000000000000444e-01 1.376107685410976389e+00 7.832999999999999829e+01
7.636211067438125784e-03 9.625000000000000222e-01 1.383203583753108923e+00 7.831999999999999318e+01
8.855224028229713787e-03 9.749999999999999778e-01 1.443440717637539006e+00 7.765999999999999659e+01
6.629240885376930410e-03 9.749999999999999778e-01 1.511795744895935156e+00 7.718000000000000682e+01
9.789584577083587993e-03 9.749999999999999778e-01 1.574444810402393369e+00 7.660999999999999943e+01
2.859815210103988821e-03 1.000000000000000000e+00 1.632937441563606207e+00 7.607999999999999829e+01
2.085911110043525696e-02 9.625000000000000222e-01 1.589427151870727473e+00 7.600000000000000000e+01
1.061393693089485168e-02 9.749999999999999778e-01 1.538188139808178034e+00 7.615999999999999659e+01
2.945955470204353419e-03 1.000000000000000000e+00 1.526810182648897118e+00 7.603000000000000114e+01
1.136831492185592582e-02 9.749999999999999778e-01 1.532688101935386626e+00 7.598999999999999488e+01
3.447211533784866506e-03 1.000000000000000000e+00 1.548314530968666114e+00 7.590999999999999659e+01
5.634188838303089315e-03 9.875000000000000444e-01 1.598394522875547397e+00 7.595000000000000284e+01
4.293455928564071829e-03 1.000000000000000000e+00 1.644260625112056839e+00 7.565999999999999659e+01
7.939486578106880882e-03 9.625000000000000222e-01 1.668952469611167944e+00 7.590000000000000568e+01
4.243548959493637085e-03 9.875000000000000444e-01 1.667488765943050399e+00 7.587000000000000455e+01
2.021691948175430471e-03 1.000000000000000000e+00 1.676468366062641158e+00 7.565000000000000568e+01
1.385307088494300808e-02 9.625000000000000222e-01 1.662326751768589128e+00 7.581999999999999318e+01
3.552687168121337717e-03 9.875000000000000444e-01 1.616341324508190125e+00 7.592000000000000171e+01
6.104939430952071970e-03 9.875000000000000444e-01 1.602826495230197823e+00 7.592000000000000171e+01
1.443333216011524235e-02 9.875000000000000444e-01 1.594545261275768233e+00 7.626999999999999602e+01
2.129679173231124965e-03 1.000000000000000000e+00 1.619496085798740381e+00 7.640999999999999659e+01
5.355118960142135794e-03 9.749999999999999778e-01 1.649069169843196958e+00 7.628000000000000114e+01
5.319162085652351206e-03 9.875000000000000444e-01 1.626570349025726392e+00 7.695999999999999375e+01
9.179332479834555886e-03 9.625000000000000222e-01 1.625833861994743446e+00 7.709999999999999432e+01
6.621217355132102966e-03 9.749999999999999778e-01 1.676796349787712082e+00 7.639000000000000057e+01
7.422066479921341116e-03 9.875000000000000444e-01 1.745263686436414829e+00 7.620000000000000284e+01
4.050283879041671926e-03 1.000000000000000000e+00 1.725816779577732163e+00 7.646999999999999886e+01
2.613241001963615556e-02 9.375000000000000000e-01 1.691196837234496986e+00 7.640000000000000568e+01
5.496701598167419781e-03 9.875000000000000444e-01 1.698977600538730703e+00 7.601999999999999602e+01
3.429113328456878575e-03 1.000000000000000000e+00 1.738691557967662726e+00 7.573999999999999488e+01
7.621173933148384268e-03 9.749999999999999778e-01 1.755939799332618678e+00 7.584000000000000341e+01
4.156012088060379028e-03 9.875000000000000444e-01 1.876659495866298766e+00 7.510999999999999943e+01
1.593342944979667802e-02 9.625000000000000222e-01 1.908619841074943535e+00 7.484999999999999432e+01
1.377581022679805721e-02 9.625000000000000222e-01 1.943199141752719905e+00 7.456000000000000227e+01
2.923656627535819921e-03 1.000000000000000000e+00 2.049735570824146258e+00 7.381000000000000227e+01
5.938786640763282429e-03 9.875000000000000444e-01 2.156664691972732584e+00 7.348000000000000398e+01
1.368527226150035789e-02 9.749999999999999778e-01 2.141923408555984398e+00 7.337000000000000455e+01
2.109466493129730138e-03 9.875000000000000444e-01 2.106203877484798426e+00 7.371999999999999886e+01
4.265652596950530659e-03 9.875000000000000444e-01 2.099218091940879827e+00 7.400000000000000000e+01
7.810696214437484915e-03 9.749999999999999778e-01 2.033943008774519168e+00 7.471999999999999886e+01
1.865080744028091431e-02 9.499999999999999556e-01 2.031155298590660241e+00 7.470999999999999375e+01
5.006929673254489725e-03 9.875000000000000444e-01 1.993812426829338014e+00 7.451000000000000512e+01
5.745974183082580393e-03 9.875000000000000444e-01 2.028366603922843847e+00 7.393000000000000682e+01
9.733398258686066368e-03 9.749999999999999778e-01 2.076841933798789785e+00 7.345999999999999375e+01
3.232733532786369497e-03 1.000000000000000000e+00 2.120061686110496613e+00 7.326999999999999602e+01
6.925212778151034962e-03 9.875000000000000444e-01 2.129687450158595841e+00 7.334999999999999432e+01
8.816266804933548321e-03 9.875000000000000444e-01 2.209607823085784961e+00 7.303000000000000114e+01
6.648608297109603708e-03 9.749999999999999778e-01 2.185133736670017424e+00 7.310999999999999943e+01
1.355458870530128548e-02 9.749999999999999778e-01 2.091604325485229676e+00 7.353000000000000114e+01
1.338406912982463906e-02 9.499999999999999556e-01 2.013402215993404187e+00 7.379999999999999716e+01
4.642426222562790090e-03 9.875000000000000444e-01 1.965458334064483559e+00 7.396999999999999886e+01
6.818890944123268474e-03 9.875000000000000444e-01 1.929840905487537395e+00 7.428000000000000114e+01
1.185073070228099754e-02 9.625000000000000222e-01 1.886222281730175032e+00 7.459999999999999432e+01
7.540872320532798767e-03 9.875000000000000444e-01 1.893639611148834279e+00 7.443000000000000682e+01
1.666364073753356977e-03 1.000000000000000000e+00 1.914243789029121290e+00 7.390000000000000568e+01
4.122264683246612549e-03 9.875000000000000444e-01 2.053638563024997588e+00 7.287000000000000455e+01
8.442817442119120858e-03 9.749999999999999778e-01 2.065600986361503466e+00 7.295999999999999375e+01
7.045407593250274485e-03 9.749999999999999778e-01 2.059139349412918207e+00 7.290000000000000568e+01
7.562884688377380024e-03 9.749999999999999778e-01 2.086134821307659148e+00 7.273000000000000398e+01
8.167986571788788536e-03 9.875000000000000444e-01 2.077810981488227959e+00 7.309999999999999432e+01
1.422992348670959386e-03 1.000000000000000000e+00 2.099303385150432799e+00 7.356000000000000227e+01
6.415083631873130451e-03 9.875000000000000444e-01 2.138909813243150548e+00 7.368999999999999773e+01
5.611600726842880596e-03 9.749999999999999778e-01 2.221168523699045050e+00 7.343000000000000682e+01
1.241032425314187934e-02 9.749999999999999778e-01 2.240145964324474548e+00 7.304000000000000625e+01
9.729459509253501545e-03 9.625000000000000222e-01 2.137631400370597845e+00 7.329000000000000625e+01
1.847856324166059425e-02 9.625000000000000222e-01 2.038145895934104779e+00 7.420000000000000284e+01
8.115469105541705738e-03 9.749999999999999778e-01 2.020624712324142536e+00 7.410999999999999943e+01
2.073465101420879364e-02 9.625000000000000222e-01 1.929668752098083528e+00 7.404999999999999716e+01
1.097824890166521072e-02 9.625000000000000222e-01 1.944730761325359270e+00 7.359999999999999432e+01
1.436832509934902156e-02 9.625000000000000222e-01 1.941643082034587797e+00 7.356000000000000227e+01
3.567970544099807913e-03 9.875000000000000444e-01 1.900963951146602549e+00 7.385999999999999943e+01
4.128846153616905039e-03 1.000000000000000000e+00 1.893102252668142249e+00 7.412999999999999545e+01
2.913873642683029175e-03 1.000000000000000000e+00 1.906404123580455856e+00 7.421999999999999886e+01
5.081919953227043152e-03 9.875000000000000444e-01 1.955225637316703846e+00 7.443000000000000682e+01
6.428417563438415354e-03 9.625000000000000222e-01 1.951800761628150971e+00 7.476000000000000512e+01
9.688546508550643574e-03 9.625000000000000222e-01 1.949351454389095295e+00 7.504000000000000625e+01
7.634131610393524517e-03 9.875000000000000444e-01 2.013497537171840879e+00 7.462999999999999545e+01
1.460713967680931161e-02 9.875000000000000444e-01 1.857727524769306138e+00 7.526999999999999602e+01
1.106717064976692200e-02 9.625000000000000222e-01 1.758762608385086024e+00 7.581999999999999318e+01
4.269517958164215088e-03 1.000000000000000000e+00 1.683852026057243378e+00 7.648000000000000398e+01
1.844924278557300706e-02 9.499999999999999556e-01 1.679886184167861840e+00 7.643999999999999773e+01
1.251415088772773673e-02 9.749999999999999778e-01 1.654855577266216349e+00 7.662000000000000455e+01
1.556450296193361352e-02 9.375000000000000000e-01 1.668264750337600688e+00 7.626000000000000512e+01
9.706003591418266296e-03 9.749999999999999778e-01 1.742716554188728395e+00 7.553000000000000114e+01
3.290382772684097377e-03 9.875000000000000444e-01 1.795715848290920347e+00 7.504999999999999716e+01
4.537698999047279531e-03 1.000000000000000000e+00 1.834375425136089310e+00 7.485999999999999943e+01
1.203802134841680527e-02 9.625000000000000222e-01 1.849984387171268452e+00 7.503000000000000114e+01
5.990855395793914795e-03 9.749999999999999778e-01 1.786961940908432078e+00 7.551000000000000512e+01
1.192969307303428685e-02 9.625000000000000222e-01 1.656620736646652325e+00 7.637999999999999545e+01
1.198568567633628845e-02 9.749999999999999778e-01 1.612571438050270034e+00 7.651000000000000512e+01
3.327682241797447291e-03 1.000000000000000000e+00 1.620593048942088998e+00 7.640999999999999659e+01
3.631550073623657400e-03 9.875000000000000444e-01 1.649373650419712067e+00 7.617000000000000171e+01
5.869085341691971172e-03 9.875000000000000444e-01 1.700171378004550871e+00 7.604999999999999716e+01
1.099330857396125724e-02 9.499999999999999556e-01 1.689823817145824414e+00 7.626999999999999602e+01
1.257750652730465005e-02 9.749999999999999778e-01 1.626296563374996174e+00 7.648000000000000398e+01
4.143622331321239124e-03 9.875000000000000444e-01 1.596454580187797623e+00 7.703000000000000114e+01
1.380297392606735264e-02 9.625000000000000222e-01 1.536814951217174485e+00 7.759000000000000341e+01
1.390789598226547207e-02 9.625000000000000222e-01 1.477052960360050182e+00 7.812000000000000455e+01
7.512036710977554321e-03 9.749999999999999778e-01 1.540318550562858491e+00 7.693999999999999773e+01
6.686885282397270550e-03 9.749999999999999778e-01 1.613886033898592087e+00 7.626000000000000512e+01
1.216456815600395168e-02 9.499999999999999556e-01 1.601346000778675061e+00 7.676999999999999602e+01
2.560950070619583303e-03 1.000000000000000000e+00 1.630088868904113752e+00 7.701000000000000512e+01
8.159772679209708474e-03 9.625000000000000222e-01 1.604645448571443644e+00 7.751999999999999602e+01
1.562254875898361119e-03 1.000000000000000000e+00 1.600165741300582978e+00 7.776999999999999602e+01
1.323556154966354457e-03 1.000000000000000000e+00 1.615323183465003920e+00 7.790000000000000568e+01
2.731227874755859462e-03 9.875000000000000444e-01 1.630384497642517028e+00 7.792000000000000171e+01
2.308845147490501491e-03 1.000000000000000000e+00 1.635525285780429883e+00 7.798999999999999488e+01
2.108410745859145945e-03 9.875000000000000444e-01 1.654601404279470334e+00 7.793999999999999773e+01
1.047151461243629386e-02 9.749999999999999778e-01 1.680426372599601814e+00 7.784999999999999432e+01
8.629466220736504295e-03 9.875000000000000444e-01 1.698036456465721100e+00 7.743000000000000682e+01
5.518453568220138897e-03 9.875000000000000444e-01 1.735540614366531287e+00 7.726000000000000512e+01
9.767384082078934410e-03 9.875000000000000444e-01 1.761038871091604285e+00 7.700000000000000000e+01
6.292280554771423166e-03 9.749999999999999778e-01 1.757487679439783124e+00 7.656000000000000227e+01
2.248716671019792418e-02 9.625000000000000222e-01 1.835211062955856232e+00 7.531000000000000227e+01
8.469719626009463570e-03 9.625000000000000222e-01 1.880520948076248144e+00 7.421999999999999886e+01
5.841077864170074116e-03 9.875000000000000444e-01 1.964168027603626188e+00 7.343000000000000682e+01
1.349174231290817304e-03 1.000000000000000000e+00 1.908358966243266952e+00 7.403000000000000114e+01
2.564292028546333400e-03 9.875000000000000444e-01 1.894801496911048933e+00 7.420000000000000284e+01
1.455784067511558567e-02 9.749999999999999778e-01 1.957267212200164863e+00 7.360999999999999943e+01
8.441102504730225303e-03 9.749999999999999778e-01 1.927254239046573669e+00 7.395000000000000284e+01
2.924436591565609048e-02 9.499999999999999556e-01 1.920330892568826719e+00 7.381000000000000227e+01
4.711689800024032940e-03 9.749999999999999778e-01 1.825492608129978267e+00 7.434000000000000341e+01
1.758813448250293870e-02 9.625000000000000222e-01 1.808639511358737906e+00 7.418000000000000682e+01
1.334810815751552582e-02 9.625000000000000222e-01 1.861189251780509979e+00 7.340000000000000568e+01
1.588288825005292754e-02 9.749999999999999778e-01 1.916879972136020571e+00 7.287999999999999545e+01
5.355784296989440571e-03 9.749999999999999778e-01 1.896106431496143330e+00 7.340999999999999659e+01
5.862979218363761902e-03 9.875000000000000444e-01 1.914925238120555928e+00 7.354000000000000625e+01
6.537548080086707895e-03 9.749999999999999778e-01 1.884635273921489773e+00 7.410999999999999943e+01
9.617021679878235210e-03 9.749999999999999778e-01 1.851698257398605385e+00 7.468999999999999773e+01
3.317148610949516470e-03 1.000000000000000000e+00 1.814586168825626400e+00 7.512999999999999545e+01
9.516973420977592815e-03 9.749999999999999778e-01 1.809885566365718734e+00 7.545000000000000284e+01
2.304285764694213867e-03 1.000000000000000000e+00 1.794108996856212723e+00 7.540000000000000568e+01
1.184605807065963788e-03 1.000000000000000000e+00 1.800330853420496036e+00 7.559000000000000341e+01
3.682030737400054845e-03 9.875000000000000444e-01 1.823464533942937837e+00 7.557999999999999829e+01
1.072336994111538003e-02 9.749999999999999778e-01 1.815418432450294439e+00 7.570999999999999375e+01
9.883807972073554993e-03 9.749999999999999778e-01 1.805908254969120108e+00 7.568000000000000682e+01
8.619760349392890236e-03 9.749999999999999778e-01 1.801730525696277674e+00 7.537999999999999545e+01
7.929947972297669151e-03 9.875000000000000444e-01 1.818768272817134823e+00 7.532999999999999829e+01
6.408829987049102610e-03 9.625000000000000222e-01 1.812920143401622664e+00 7.543999999999999773e+01
1.659315824508667036e-03 1.000000000000000000e+00 1.803500885736942339e+00 7.543999999999999773e+01
1.235332563519477879e-02 9.749999999999999778e-01 1.862871547806262962e+00 7.543000000000000682e+01
3.643742948770523245e-03 1.000000000000000000e+00 1.915312963402271196e+00 7.512000000000000455e+01
8.175148442387581565e-03 9.749999999999999778e-01 1.916108354485035026e+00 7.503000000000000114e+01
3.643747605383396322e-03 9.875000000000000444e-01 1.964489093184471180e+00 7.501000000000000512e+01
1.055002734065055812e-02 9.749999999999999778e-01 1.866200063288211863e+00 7.579999999999999716e+01
7.023009471595287323e-03 9.749999999999999778e-01 1.852871474194526691e+00 7.606999999999999318e+01
6.568800657987594604e-03 9.749999999999999778e-01 1.855800394046306590e+00 7.598000000000000398e+01
1.981319114565849478e-03 1.000000000000000000e+00 1.864080308687686927e+00 7.595000000000000284e+01
3.838656097650528041e-03 9.875000000000000444e-01 1.871910412275791247e+00 7.593999999999999773e+01
2.108541131019592112e-03 1.000000000000000000e+00 1.862842185997962918e+00 7.612999999999999545e+01
5.652011558413505728e-03 9.875000000000000444e-01 1.866545681113004784e+00 7.626000000000000512e+01
2.356652319431305070e-02 9.749999999999999778e-01 1.774879409688711274e+00 7.706999999999999318e+01
1.299458332359790767e-02 9.499999999999999556e-01 1.750541017591953352e+00 7.731000000000000227e+01
5.135989189147949566e-03 9.749999999999999778e-01 1.749485368317365674e+00 7.704999999999999716e+01
2.451241761445998972e-03 1.000000000000000000e+00 1.776916766417026450e+00 7.692000000000000171e+01
8.838940411806106567e-03 9.749999999999999778e-01 1.790211608868837345e+00 7.651999999999999602e+01
5.037537775933742523e-03 9.875000000000000444e-01 1.821485207355022506e+00 7.626000000000000512e+01
5.141742527484893799e-03 9.749999999999999778e-01 1.841912525808811152e+00 7.623999999999999488e+01
5.119695328176021576e-03 9.875000000000000444e-01 1.883591951739788106e+00 7.634999999999999432e+01
5.557440221309661648e-04 1.000000000000000000e+00 1.934603973102569485e+00 7.609999999999999432e+01
6.857272610068321575e-03 9.749999999999999778e-01 1.982303548395633719e+00 7.579000000000000625e+01
2.183247730135917577e-03 1.000000000000000000e+00 2.021035605156421777e+00 7.556999999999999318e+01
1.340224593877792315e-03 1.000000000000000000e+00 2.051464377534389705e+00 7.556000000000000227e+01
1.551671698689460754e-02 9.625000000000000222e-01 2.024662381780147680e+00 7.587000000000000455e+01
5.718822032213211407e-03 9.749999999999999778e-01 1.931673931992053950e+00 7.587999999999999545e+01
5.944906175136566509e-03 9.749999999999999778e-01 1.933379213666915897e+00 7.559999999999999432e+01
2.057390660047531041e-03 1.000000000000000000e+00 1.941381292688846516e+00 7.556999999999999318e+01
1.489272862672805751e-02 9.625000000000000222e-01 1.974491133046150315e+00 7.518000000000000682e+01
7.436133921146393256e-04 1.000000000000000000e+00 2.019008744370937247e+00 7.475000000000000000e+01
1.278987526893615636e-03 1.000000000000000000e+00 2.046434761333465691e+00 7.451000000000000512e+01
3.962382674217223904e-04 1.000000000000000000e+00 2.058120528918504721e+00 7.434999999999999432e+01
1.566300541162490758e-03 1.000000000000000000e+00 2.058497259485721376e+00 7.456000000000000227e+01
3.913787007331847971e-03 9.875000000000000444e-01 2.069336318194866298e+00 7.471999999999999886e+01
1.753044873476028529e-03 1.000000000000000000e+00 2.094601738071441677e+00 7.476999999999999602e+01
6.131369806826114828e-03 9.875000000000000444e-01 2.151007461655139785e+00 7.468000000000000682e+01
1.740905642509460406e-03 9.875000000000000444e-01 2.206920305788516945e+00 7.462000000000000455e+01
5.462449043989181519e-03 9.875000000000000444e-01 2.248030871582031409e+00 7.460999999999999943e+01
3.410775214433670044e-03 9.875000000000000444e-01 2.238442863643169467e+00 7.496999999999999886e+01
6.002828292548656290e-03 9.749999999999999778e-01 2.289627873504161748e+00 7.470999999999999375e+01
3.295108675956725857e-04 1.000000000000000000e+00 2.347727443873882436e+00 7.450000000000000000e+01
6.965421512722969402e-03 9.625000000000000222e-01 2.248828842437267106e+00 7.496999999999999886e+01
1.344269141554832458e-03 1.000000000000000000e+00 2.223442676579952426e+00 7.506000000000000227e+01
5.311596579849720348e-03 9.749999999999999778e-01 2.196373397624492796e+00 7.529999999999999716e+01
3.374656289815902797e-03 1.000000000000000000e+00 2.172130801045894621e+00 7.551000000000000512e+01
1.220207661390304565e-02 9.749999999999999778e-01 2.126244846415519696e+00 7.570000000000000284e+01
1.985048130154609854e-03 1.000000000000000000e+00 2.120443134963512222e+00 7.539000000000000057e+01
1.089975312352180550e-02 9.625000000000000222e-01 2.068983490693569127e+00 7.523999999999999488e+01
7.897719368338584553e-03 9.875000000000000444e-01 1.964434359216689963e+00 7.537999999999999545e+01
5.906987190246582205e-03 9.875000000000000444e-01 1.901106778097152672e+00 7.571999999999999886e+01
6.599102541804314007e-03 9.875000000000000444e-01 1.852570505154132796e+00 7.587999999999999545e+01
6.950229033827781330e-03 9.875000000000000444e-01 1.810701298069953946e+00 7.623999999999999488e+01
4.565317928791045969e-03 9.875000000000000444e-01 1.810368541371822459e+00 7.660999999999999943e+01
1.838909462094306946e-03 1.000000000000000000e+00 1.840203255677223204e+00 7.657999999999999829e+01
5.575069040060043161e-03 9.749999999999999778e-01 1.864300181227922515e+00 7.648999999999999488e+01
5.990140140056610324e-04 1.000000000000000000e+00 1.913314200484752758e+00 7.637000000000000455e+01
5.876382812857627869e-03 9.749999999999999778e-01 1.847436259102821277e+00 7.682999999999999829e+01
1.340392641723156010e-02 9.625000000000000222e-01 1.816492505717277606e+00 7.706000000000000227e+01
1.212171241641044582e-02 9.625000000000000222e-01 1.804020698529481992e+00 7.693999999999999773e+01
1.134877130389213597e-02 9.875000000000000444e-01 1.809456324815750028e+00 7.656999999999999318e+01
4.068822972476482738e-03 1.000000000000000000e+00 1.843957600331306512e+00 7.629000000000000625e+01
4.178360477089882244e-03 9.875000000000000444e-01 1.861107521188259062e+00 7.640000000000000568e+01
6.750112399458885627e-04 1.000000000000000000e+00 1.885193067938089273e+00 7.618999999999999773e+01
1.197329163551330480e-03 1.000000000000000000e+00 1.880435536658763951e+00 7.625000000000000000e+01
6.767448969185352325e-03 9.749999999999999778e-01 1.883577383589744469e+00 7.621999999999999886e+01
9.095803648233414390e-03 9.625000000000000222e-01 1.840980386662483204e+00 7.609000000000000341e+01
6.298146769404410969e-03 9.749999999999999778e-01 1.805050627672672325e+00 7.610999999999999943e+01
9.603299200534820773e-04 1.000000000000000000e+00 1.809707384932041085e+00 7.600000000000000000e+01
2.056113630533218557e-03 1.000000000000000000e+00 1.820814000725746062e+00 7.615999999999999659e+01
1.687280461192131129e-03 1.000000000000000000e+00 1.835992454755306147e+00 7.626999999999999602e+01
3.890895098447799509e-03 9.875000000000000444e-01 1.837255496144294842e+00 7.650000000000000000e+01
6.828031875193119396e-03 9.625000000000000222e-01 1.858353890419006449e+00 7.659000000000000341e+01
8.047857135534287193e-03 9.749999999999999778e-01 1.869985282117128333e+00 7.643000000000000682e+01
1.077410988509655033e-02 9.749999999999999778e-01 1.868519589066505393e+00 7.643000000000000682e+01
2.545494586229324341e-03 1.000000000000000000e+00 1.858679032909870132e+00 7.656000000000000227e+01
5.031067132949829275e-03 9.875000000000000444e-01 1.873091479063033971e+00 7.648999999999999488e+01
2.218420058488845738e-03 1.000000000000000000e+00 1.885891450500488231e+00 7.645999999999999375e+01
2.697910368442535574e-03 9.875000000000000444e-01 1.904451774954795784e+00 7.657999999999999829e+01
3.215991891920566559e-03 1.000000000000000000e+00 1.922376887011528090e+00 7.673999999999999488e+01
1.069328188896179112e-03 1.000000000000000000e+00 1.938267678463458932e+00 7.679999999999999716e+01
1.037422940135002049e-03 1.000000000000000000e+00 1.978147682583331957e+00 7.660999999999999943e+01
1.138976961374282794e-03 1.000000000000000000e+00 2.002198529839515739e+00 7.656000000000000227e+01
4.512365162372589285e-03 9.875000000000000444e-01 2.023081551396846756e+00 7.690000000000000568e+01
1.511248387396335689e-03 1.000000000000000000e+00 2.010653088843822545e+00 7.709999999999999432e+01
1.048441529273986747e-02 9.875000000000000444e-01 2.014636399513483056e+00 7.706999999999999318e+01
3.997834026813506733e-03 9.875000000000000444e-01 2.009470095998048933e+00 7.701999999999999602e+01
7.294193655252456492e-03 9.625000000000000222e-01 2.077030351144075304e+00 7.651000000000000512e+01
5.646176636219024658e-03 9.875000000000000444e-01 2.257297623521089758e+00 7.556000000000000227e+01
2.533175796270370310e-03 9.875000000000000444e-01 2.304849992358684485e+00 7.534999999999999432e+01
8.837956935167312622e-03 9.875000000000000444e-01 2.304629695224762020e+00 7.531000000000000227e+01
2.098084576427936693e-02 9.749999999999999778e-01 2.249923629701137351e+00 7.537999999999999545e+01
1.498977839946746783e-03 1.000000000000000000e+00 2.113208057808876106e+00 7.584999999999999432e+01
8.155127614736556660e-03 9.875000000000000444e-01 1.999537080442905346e+00 7.626999999999999602e+01
2.224941551685333078e-03 1.000000000000000000e+00 1.869975043499469747e+00 7.715000000000000568e+01
9.199377428740263679e-03 9.749999999999999778e-01 1.855275891512632391e+00 7.740000000000000568e+01
1.353128850460052525e-02 9.625000000000000222e-01 1.783883529561758108e+00 7.771999999999999886e+01
7.794431596994400198e-03 9.875000000000000444e-01 1.719679637920856541e+00 7.790000000000000568e+01
2.655152417719364340e-03 1.000000000000000000e+00 1.741106882584094961e+00 7.740000000000000568e+01
9.769230708479880940e-03 9.625000000000000222e-01 1.749127951157092964e+00 7.717000000000000171e+01
3.003234043717384338e-03 9.875000000000000444e-01 1.764197108936309766e+00 7.712000000000000455e+01
1.598975881934166024e-02 9.625000000000000222e-01 1.774151162123680070e+00 7.671999999999999886e+01
6.557793170213699167e-03 9.749999999999999778e-01 1.823013118064403582e+00 7.684999999999999432e+01
9.046673774719237848e-04 1.000000000000000000e+00 1.870504090607166381e+00 7.684000000000000341e+01
9.019233286380767822e-03 9.749999999999999778e-01 1.873436601579189231e+00 7.707999999999999829e+01
1.073475088924169540e-02 9.625000000000000222e-01 1.864492218637466392e+00 7.718000000000000682e+01
5.440874770283698862e-03 9.875000000000000444e-01 1.847923749995231679e+00 7.678000000000000114e+01
1.645405963063240008e-03 1.000000000000000000e+00 1.849656118381023395e+00 7.665000000000000568e+01
4.158088937401771545e-03 9.875000000000000444e-01 1.841820536005496889e+00 7.673000000000000398e+01
5.152673274278640574e-03 9.875000000000000444e-01 1.842283000349998368e+00 7.665999999999999659e+01
2.435616403818130667e-03 9.875000000000000444e-01 1.855589963525533737e+00 7.667000000000000171e+01
1.347836107015609741e-03 1.000000000000000000e+00 1.882376278674602554e+00 7.654000000000000625e+01
1.771286129951477051e-03 1.000000000000000000e+00 1.911878480434417771e+00 7.657999999999999829e+01
3.397063724696636113e-03 9.875000000000000444e-01 1.895407251167297469e+00 7.687000000000000455e+01
4.782470874488353729e-03 9.749999999999999778e-01 1.919513500761985680e+00 7.675000000000000000e+01
1.440767571330070409e-03 1.000000000000000000e+00 1.959792648792266778e+00 7.654000000000000625e+01
6.411723420023917805e-03 9.749999999999999778e-01 2.004596142053604257e+00 7.637000000000000455e+01
3.716425597667694179e-03 1.000000000000000000e+00 2.101894671857357011e+00 7.595000000000000284e+01
2.109442949295043876e-02 9.875000000000000444e-01 2.009024714446067783e+00 7.635999999999999943e+01
3.844751417636871251e-03 9.875000000000000444e-01 1.982230896651744789e+00 7.651999999999999602e+01
1.851585954427719186e-02 9.625000000000000222e-01 1.984106567966938073e+00 7.601000000000000512e+01
7.293647527694702495e-03 9.749999999999999778e-01 1.991540001404285443e+00 7.551000000000000512e+01
