4.348457525484263758e-03 1.689843749999999922e-01 2.048749829101562447e+00 2.446000000000000119e-01
4.183703139424324070e-03 2.097656250000000111e-01 1.941675036621093753e+00 2.985999999999999766e-01
4.071172405965626205e-03 2.396289062499999956e-01 1.914162951660156153e+00 3.002000000000000224e-01
3.998482425231486559e-03 2.620507812499999756e-01 1.953238079833984342e+00 3.095999999999999863e-01
3.929237260017544309e-03 2.741210937499999889e-01 2.048479260253906364e+00 2.960999999999999743e-01
3.881391780450940080e-03 2.843359375000000244e-01 2.071417694091796768e+00 3.013000000000000123e-01
3.852712791413068650e-03 2.937304687499999734e-01 2.055319824218750036e+00 3.058000000000000163e-01
3.821942552458494798e-03 2.998437500000000200e-01 2.075327148437500213e+00 3.055999999999999828e-01
3.779710652306676050e-03 3.106249999999999845e-01 2.125982006835937632e+00 3.064999999999999947e-01
3.761287445668131182e-03 3.111523437500000044e-01 2.124477124023437469e+00 3.014000000000000012e-01
3.722098809666931664e-03 3.193945312500000022e-01 2.147103741455078207e+00 3.049999999999999933e-01
3.686944271903485129e-03 3.284960937499999956e-01 2.052606286621093901e+00 3.220000000000000084e-01
3.681707521900534717e-03 3.269921874999999756e-01 2.059699450683593724e+00 3.235999999999999988e-01
3.662462618667632324e-03 3.334570312499999800e-01 2.156212072753906028e+00 3.124000000000000110e-01
3.629917169455438696e-03 3.392968749999999978e-01 2.123008135986327982e+00 3.168000000000000260e-01
3.600247069261968118e-03 3.409375000000000044e-01 2.127610113525390645e+00 3.111999999999999766e-01
3.567802249453961953e-03 3.516406249999999845e-01 2.180038763427734505e+00 2.970999999999999752e-01
3.563283395487815228e-03 3.547070312500000266e-01 2.121123004150390567e+00 3.140000000000000013e-01
3.551929616369306833e-03 3.519921874999999978e-01 2.172025006103515565e+00 3.099999999999999978e-01
3.526492451783269644e-03 3.597656249999999778e-01 2.262594470214843945e+00 2.993999999999999995e-01
3.513877964578568814e-03 3.636914062500000155e-01 2.263391638183593901e+00 2.869999999999999774e-01
3.499853031244129064e-03 3.659570312500000089e-01 2.280533630371093690e+00 3.037000000000000255e-01
3.504918480757623911e-03 3.621874999999999956e-01 2.217676843261718655e+00 3.049000000000000044e-01
3.499299697577953287e-03 3.616796875000000133e-01 2.182479022216796682e+00 3.049000000000000044e-01
3.475997827481478505e-03 3.710546874999999800e-01 2.285937182617187702e+00 2.948000000000000065e-01
3.450611790176480800e-03 3.758593749999999956e-01 2.276721673583984362e+00 3.009000000000000008e-01
3.455035807564854795e-03 3.730664062499999822e-01 2.252048339843749858e+00 3.055999999999999828e-01
3.441881891340017353e-03 3.755859375000000222e-01 2.172395574951171859e+00 3.126999999999999780e-01
3.434812345076352236e-03 3.782617187499999756e-01 2.238937884521484456e+00 3.091999999999999749e-01
3.409190741367638163e-03 3.812109375000000133e-01 2.236221875000000026e+00 3.079999999999999960e-01
3.415462877601384978e-03 3.794335937500000200e-01 2.218330657958984542e+00 3.096999999999999753e-01
3.401757231913507106e-03 3.833007812500000000e-01 2.227081176757812475e+00 3.085999999999999854e-01
3.406797850038856181e-03 3.821679687499999756e-01 2.235608374023437595e+00 3.133000000000000229e-01
3.377106527332216467e-03 3.844726562499999889e-01 2.286026013183593886e+00 3.033000000000000140e-01
3.397909556515514833e-03 3.839257812499999867e-01 2.227725982666015625e+00 3.118000000000000216e-01
3.370807699393481034e-03 3.916601562500000022e-01 2.291810284423827948e+00 3.098000000000000198e-01
3.366402701940387435e-03 3.937109375000000244e-01 2.310406536865234450e+00 3.103000000000000203e-01
3.351053961087018234e-03 3.941796874999999867e-01 2.348551477050781155e+00 3.020999999999999797e-01
3.372480063699185866e-03 3.921679687499999845e-01 2.375303436279296854e+00 3.039999999999999925e-01
3.344530584290623769e-03 3.941796874999999867e-01 2.331745959472656171e+00 3.119000000000000106e-01
3.348202975466847264e-03 3.950000000000000178e-01 2.296474011230468903e+00 3.079000000000000070e-01
3.331371562089771067e-03 3.943749999999999756e-01 2.333385485839843732e+00 3.057000000000000273e-01
3.319685689639300264e-03 4.009179687500000200e-01 2.428916113281249789e+00 2.990999999999999770e-01
3.324460247531533033e-03 3.974218749999999800e-01 2.351004235839843748e+00 2.989999999999999880e-01
3.306249077431857621e-03 4.027148437499999956e-01 2.343349389648437420e+00 3.111999999999999766e-01
3.306244038976728812e-03 4.002539062500000133e-01 2.369533276367187469e+00 3.078000000000000180e-01
3.309773635119199649e-03 4.002343749999999756e-01 2.353720117187500183e+00 3.004000000000000004e-01
3.294963836669921858e-03 4.016992187499999756e-01 2.416271862792968683e+00 3.081999999999999740e-01
3.295375159941613466e-03 4.016796874999999933e-01 2.346060406494140604e+00 3.009000000000000008e-01
3.279710183851420983e-03 4.084570312499999911e-01 2.355300903320312500e+00 2.992000000000000215e-01
3.287441886495798965e-03 4.059765625000000266e-01 2.369091259765625068e+00 2.998999999999999999e-01
3.303907394874841183e-03 4.026757812499999756e-01 2.450276507568359463e+00 2.912000000000000144e-01
3.278685219120234043e-03 4.078906250000000067e-01 2.414166522216796729e+00 3.032000000000000250e-01
3.265853072516620298e-03 4.082421875000000200e-01 2.403042846679687372e+00 3.007000000000000228e-01
3.281634505838155937e-03 4.067773437500000200e-01 2.328811688232421684e+00 3.043000000000000149e-01
3.278883476741612131e-03 4.055078125000000089e-01 2.305835046386718545e+00 3.044999999999999929e-01
3.259818840306252363e-03 4.113476562500000266e-01 2.353476971435546794e+00 3.155000000000000027e-01
3.262063367292285070e-03 4.089257812500000089e-01 2.398911444091796685e+00 3.024000000000000021e-01
3.239494664594531198e-03 4.121289062499999822e-01 2.506390954589843734e+00 3.027000000000000246e-01
3.253157173749059421e-03 4.124414062499999756e-01 2.416224566650390759e+00 3.030999999999999805e-01
3.247633792925625970e-03 4.088671875000000067e-01 2.438481799316406295e+00 3.039000000000000035e-01
3.218682541046291590e-03 4.206054687499999889e-01 2.368190960693359326e+00 2.943000000000000060e-01
3.219966350588947517e-03 4.155468749999999822e-01 2.466879144287109416e+00 3.008000000000000118e-01
3.240692054387182136e-03 4.139453124999999956e-01 2.453069781494140678e+00 3.024000000000000021e-01
3.226216568145901051e-03 4.133203125000000089e-01 2.370612054443359540e+00 3.054999999999999938e-01
3.210532453376799961e-03 4.179101562499999978e-01 2.417288201904296940e+00 3.081999999999999740e-01
3.228216154966503503e-03 4.165039062500000000e-01 2.330216137695312550e+00 3.115999999999999881e-01
3.225551249925047350e-03 4.166015625000000222e-01 2.512133050537109558e+00 3.010999999999999788e-01
3.203576160594820942e-03 4.201562500000000089e-01 2.469971710205077997e+00 2.948000000000000065e-01
3.206347625236958144e-03 4.189257812500000178e-01 2.409178466796875195e+00 3.043000000000000149e-01
3.202777539845555813e-03 4.218945312499999822e-01 2.464941986083984293e+00 3.008000000000000118e-01
3.206216788385063410e-03 4.187500000000000111e-01 2.407690441894531297e+00 3.024999999999999911e-01
3.195090380031615374e-03 4.211523437499999911e-01 2.384409136962890585e+00 3.065999999999999837e-01
3.215232689399272203e-03 4.185156250000000022e-01 2.423580297851562371e+00 2.984999999999999876e-01
3.192574100103229198e-03 4.222070312499999756e-01 2.429001037597656065e+00 3.039000000000000035e-01
3.207163619808852534e-03 4.185742187500000044e-01 2.406055969238281467e+00 3.085999999999999854e-01
3.190084043890237947e-03 4.228320312500000178e-01 2.429648132324218945e+00 2.983000000000000096e-01
3.189603530336171302e-03 4.206445312500000089e-01 2.446185375976562604e+00 3.088000000000000189e-01
3.190570739097893342e-03 4.242578124999999978e-01 2.386452752685547019e+00 3.039999999999999925e-01
3.179185292683541636e-03 4.241796875000000133e-01 2.436102984619140432e+00 2.972000000000000197e-01
3.177674699109047686e-03 4.230468749999999889e-01 2.598476800537109277e+00 3.000999999999999779e-01
3.147054861765355080e-03 4.298437500000000244e-01 2.495654266357421935e+00 3.049000000000000044e-01
3.181230537593364525e-03 4.226757812499999933e-01 2.411821569824218692e+00 3.050999999999999823e-01
3.185637840069830383e-03 4.212500000000000133e-01 2.395050793457031091e+00 3.073000000000000176e-01
3.176696258597075731e-03 4.215234374999999867e-01 2.523524652099609522e+00 3.029000000000000026e-01
3.165396032854914544e-03 4.280859375000000133e-01 2.508267089843749797e+00 3.042000000000000259e-01
3.171756207011640002e-03 4.253906250000000222e-01 2.455119036865234250e+00 2.988999999999999990e-01
3.155261510983109474e-03 4.284570312500000089e-01 2.413945690917968623e+00 3.040999999999999814e-01
3.153274245560169168e-03 4.320507812500000155e-01 2.562702380371093547e+00 3.104000000000000092e-01
3.161999059375375683e-03 4.282421874999999822e-01 2.403387353515625158e+00 3.039000000000000035e-01
3.159027572255581479e-03 4.283593749999999867e-01 2.472316876220703286e+00 2.972000000000000197e-01
3.140419018454849824e-03 4.308203125000000244e-01 2.390926904296875044e+00 3.098000000000000198e-01
3.146123206242918812e-03 4.324609374999999756e-01 2.505827746582031335e+00 3.043000000000000149e-01
3.141016084700822691e-03 4.312304687499999845e-01 2.512416156005859325e+00 3.057000000000000273e-01
3.143388326279819133e-03 4.319726562499999756e-01 2.454053100585937397e+00 2.993000000000000105e-01
3.143580523319542200e-03 4.297070312499999822e-01 2.435027752685547053e+00 3.005999999999999783e-01
3.136126755271106872e-03 4.339843749999999778e-01 2.522443902587890641e+00 3.084999999999999964e-01
3.132218774408101862e-03 4.316406250000000000e-01 2.493778625488281442e+00 3.019999999999999907e-01
3.146300564985722147e-03 4.286914062500000178e-01 2.476858489990234169e+00 3.034000000000000030e-01
3.137793636415153915e-03 4.318164062500000067e-01 2.464073583984375038e+00 3.029999999999999916e-01
