2.222048260737210373e-03 6.125000000000000444e-01 9.344130630493163725e-01 6.723999999999999977e-01
1.164759586099535244e-03 7.801953124999999600e-01 8.671318283081054235e-01 7.200999999999999623e-01
1.004075716482475452e-03 8.141601562500000444e-01 8.480251190185547072e-01 7.339999999999999858e-01
9.148748929146677516e-04 8.342578124999999734e-01 7.344991394042968968e-01 7.654999999999999583e-01
8.310081658419221683e-04 8.549414062500000355e-01 8.199775939941406078e-01 7.542999999999999705e-01
7.653705560369416681e-04 8.673242187499999867e-01 8.256240386962890865e-01 7.576000000000000512e-01
7.322967355139553070e-04 8.742773437499999911e-01 8.440093170166015346e-01 7.599000000000000199e-01
6.899364810669794809e-04 8.820312500000000444e-01 8.227332794189453624e-01 7.638000000000000345e-01
6.645199819467961441e-04 8.875976562499999778e-01 8.409488571166991999e-01 7.657000000000000473e-01
6.202398237655870703e-04 8.965039062499999822e-01 7.997907928466796434e-01 7.783999999999999808e-01
5.915255192667245344e-04 8.997070312499999556e-01 9.181435821533202590e-01 7.628000000000000336e-01
5.683418994885868977e-04 9.050000000000000266e-01 9.009265106201171935e-01 7.674999999999999600e-01
5.640214518643915523e-04 9.068164062500000400e-01 8.340515136718750222e-01 7.784999999999999698e-01
5.399272762588225088e-04 9.098242187499999689e-01 9.164274932861328216e-01 7.648000000000000353e-01
5.100413237232715282e-04 9.146679687500000044e-01 9.185727294921874897e-01 7.687000000000000499e-01
5.028230717289261910e-04 9.171093750000000044e-01 9.499298919677734432e-01 7.663999999999999702e-01
4.770966491196304299e-04 9.203515625000000533e-01 9.720583648681641042e-01 7.679000000000000270e-01
4.719487222610041261e-04 9.233593749999999822e-01 9.478576873779296363e-01 7.734999999999999654e-01
4.673288326011970618e-04 9.220117187499999867e-01 9.788036895751952571e-01 7.687000000000000499e-01
4.451930010691284873e-04 9.258984375000000044e-01 1.007657966613769496e+00 7.635999999999999455e-01
4.340800343197770460e-04 9.290429687500000311e-01 1.044876281738281287e+00 7.592999999999999750e-01
4.441158191184513162e-04 9.263281249999999467e-01 1.014816137695312426e+00 7.657000000000000473e-01
4.203724453691393202e-04 9.305859374999999600e-01 9.757685150146484521e-01 7.723999999999999755e-01
4.015991161577403697e-04 9.334570312500000133e-01 1.026149562072753874e+00 7.674999999999999600e-01
4.083236519363708686e-04 9.321289062500000000e-01 1.052167111206054662e+00 7.633999999999999675e-01
3.966712988039944299e-04 9.360742187499999645e-01 1.030085372924804732e+00 7.671999999999999931e-01
3.984648705227300308e-04 9.360156250000000178e-01 1.010939199829101520e+00 7.691999999999999948e-01
3.872370644239708976e-04 9.368359375000000488e-01 1.011988314819336043e+00 7.678000000000000380e-01
3.804858634248376088e-04 9.377734374999999734e-01 1.068725811767578193e+00 7.637000000000000455e-01
3.572406448074616448e-04 9.412695312500000133e-01 1.083000802612304581e+00 7.687000000000000499e-01
3.545041734469123293e-04 9.411132812500000444e-01 1.042021234130859453e+00 7.711999999999999966e-01
3.557453089160844749e-04 9.421289062500000089e-01 1.040259719848632747e+00 7.710000000000000187e-01
3.546851649298332827e-04 9.416210937500000266e-01 1.077618423461914166e+00 7.690000000000000169e-01
3.370680319494567985e-04 9.453515624999999645e-01 1.072691000366210901e+00 7.698000000000000398e-01
3.376175540324765972e-04 9.448437499999999822e-01 1.102396893310546799e+00 7.650000000000000133e-01
3.391392789490055163e-04 9.441015624999999911e-01 1.073980874633789107e+00 7.661999999999999922e-01
3.315910157107282408e-04 9.461523437500000133e-01 1.131764712524414129e+00 7.578000000000000291e-01
3.217496379511431098e-04 9.468359374999999467e-01 1.151899021911621190e+00 7.602999999999999758e-01
3.143007541075348767e-04 9.485351562499999556e-01 1.118297705078125093e+00 7.701999999999999957e-01
3.067542459757532859e-04 9.490625000000000311e-01 1.144150205993652358e+00 7.680000000000000160e-01
3.054376381624024622e-04 9.503125000000000044e-01 1.098145697021484457e+00 7.721999999999999975e-01
3.071784642816055306e-04 9.502929687500000222e-01 1.098976821899414036e+00 7.709000000000000297e-01
3.001555704395286500e-04 9.512695312500000222e-01 1.160297317504882741e+00 7.620999999999999996e-01
2.949804261152167047e-04 9.516015625000000533e-01 1.127717315673828047e+00 7.684999999999999609e-01
2.846363517164718143e-04 9.543359375000000089e-01 1.117194966125488298e+00 7.691999999999999948e-01
2.942688071925658624e-04 9.519335937499999734e-01 1.122782550048828210e+00 7.683999999999999719e-01
2.885230543324723883e-04 9.525000000000000133e-01 1.119167822265624945e+00 7.717000000000000526e-01
2.909195474057924046e-04 9.534375000000000488e-01 1.109141693115234473e+00 7.705999999999999517e-01
2.737126119609456336e-04 9.556054687499999645e-01 1.136748187255859355e+00 7.698000000000000398e-01
2.793531244969926644e-04 9.551953125000000044e-01 1.180892453002929665e+00 7.628000000000000336e-01
2.754465112229809317e-04 9.543749999999999734e-01 1.118246841430664107e+00 7.742999999999999883e-01
2.717945101903751427e-04 9.553125000000000089e-01 1.157149621582031163e+00 7.695999999999999508e-01
2.737144102866295834e-04 9.560937499999999645e-01 1.116702487182617221e+00 7.727000000000000535e-01
2.626578106719534649e-04 9.575585937499999645e-01 1.161164538574218641e+00 7.683999999999999719e-01
2.749791336827911393e-04 9.551171874999999645e-01 1.133542041015624946e+00 7.728000000000000425e-01
2.595369510527234351e-04 9.570117187500000178e-01 1.104863174438476481e+00 7.760000000000000231e-01
2.481203126080799956e-04 9.595703125000000222e-01 1.179147662353515535e+00 7.718000000000000416e-01
2.587102330289781072e-04 9.575976562500000400e-01 1.114969812011718853e+00 7.735999999999999543e-01
2.599333880061749391e-04 9.575000000000000178e-01 1.156489897155761781e+00 7.741999999999999993e-01
2.510392635304014870e-04 9.592187500000000089e-01 1.176948254394531324e+00 7.678000000000000380e-01
2.608078595949336973e-04 9.580468749999999645e-01 1.166792228698730449e+00 7.675999999999999490e-01
2.609487039444502530e-04 9.576562499999999867e-01 1.187498251342773425e+00 7.670000000000000151e-01
2.431351695850025982e-04 9.613085937499999956e-01 1.238163320922851529e+00 7.661000000000000032e-01
2.494519803440198107e-04 9.593554687499999956e-01 1.241022851562499918e+00 7.588000000000000300e-01
2.341617342608515119e-04 9.614257812500000000e-01 1.213486257934570212e+00 7.697000000000000508e-01
2.424751740181818615e-04 9.601562500000000444e-01 1.235705545043945364e+00 7.710000000000000187e-01
2.312495863588992550e-04 9.630859375000000444e-01 1.243453359985351669e+00 7.652999999999999803e-01
2.378871163818985245e-04 9.605664062500000044e-01 1.321297921752929705e+00 7.587000000000000410e-01
2.393626898992806781e-04 9.610156250000000400e-01 1.285034661865234407e+00 7.576000000000000512e-01
2.353313635103404544e-04 9.613867187500000355e-01 1.276828417968749907e+00 7.651999999999999913e-01
2.402296759828459591e-04 9.610351562500000222e-01 1.159214157104492271e+00 7.727000000000000535e-01
2.353122505883220648e-04 9.626953124999999556e-01 1.223601425170898427e+00 7.654999999999999583e-01
2.354811783879995259e-04 9.613671875000000533e-01 1.191601916503906233e+00 7.684999999999999609e-01
2.216647275781724580e-04 9.638867187499999822e-01 1.219668524169921886e+00 7.687000000000000499e-01
2.292618465435225636e-04 9.627343750000000311e-01 1.217746484375000104e+00 7.690000000000000169e-01
2.233739956864155775e-04 9.634765625000000222e-01 1.256391540527343809e+00 7.654999999999999583e-01
2.228998109058011204e-04 9.627343750000000311e-01 1.237329373168945423e+00 7.681999999999999940e-01
2.196285400714259540e-04 9.641210937499999911e-01 1.175053356933593696e+00 7.691000000000000059e-01
2.128255805291701011e-04 9.647460937499999778e-01 1.282873999023437461e+00 7.580999999999999961e-01
2.212545454676728674e-04 9.639257812499999467e-01 1.271652008056640693e+00 7.601999999999999869e-01
2.229957033705432076e-04 9.639062499999999645e-01 1.199265380859374952e+00 7.697000000000000508e-01
2.216471705469302844e-04 9.641601562499999556e-01 1.260574346923828193e+00 7.630000000000000115e-01
2.088326172088272826e-04 9.649218750000000400e-01 1.273701846313476604e+00 7.641999999999999904e-01
2.096556829201290276e-04 9.658398437499999822e-01 1.272436505126953055e+00 7.651000000000000023e-01
2.009107998310355491e-04 9.660351562500000266e-01 1.300768899536132839e+00 7.634999999999999565e-01
2.124034904409200051e-04 9.652343749999999778e-01 1.236342376708984281e+00 7.650000000000000133e-01
2.179260642151348239e-04 9.646093749999999911e-01 1.246442886352538970e+00 7.644999999999999574e-01
2.075592745677568051e-04 9.658593749999999645e-01 1.325762963867187505e+00 7.640000000000000124e-01
2.104294457240030224e-04 9.658203125000000000e-01 1.257033151245117164e+00 7.631000000000000005e-01
2.067650116805452875e-04 9.654882812499999689e-01 1.257638488769531326e+00 7.639000000000000234e-01
2.015118367853574520e-04 9.668554687499999467e-01 1.272069952392578029e+00 7.655999999999999472e-01
2.083969020168297069e-04 9.659765624999999689e-01 1.304640585327148328e+00 7.560999999999999943e-01
2.146552050544414550e-04 9.652148437499999956e-01 1.343555566406249957e+00 7.598000000000000309e-01
1.956651094951666816e-04 9.671679687499999956e-01 1.404461557006835948e+00 7.518000000000000238e-01
1.980787616776069691e-04 9.667578125000000355e-01 1.313356427001953097e+00 7.576000000000000512e-01
2.005968093726551214e-04 9.670703124999999734e-01 1.284833853149414118e+00 7.628000000000000336e-01
1.938522206910420198e-04 9.686718749999999600e-01 1.284878845214843857e+00 7.635999999999999455e-01
1.962948522123042396e-04 9.678710937500000222e-01 1.268875906372070261e+00 7.684999999999999609e-01
1.952250940666999744e-04 9.678906250000000044e-01 1.287634378051757844e+00 7.630000000000000115e-01
2.000830923498142532e-04 9.670507812499999911e-01 1.321053030395507921e+00 7.563999999999999613e-01
1.970764549332670781e-04 9.672460937500000355e-01 1.319356347656249984e+00 7.578000000000000291e-01
1.967786552268080511e-04 9.683007812499999645e-01 1.321997949218749913e+00 7.611999999999999877e-01
1.937830198585288545e-04 9.690234374999999734e-01 1.294294674682617163e+00 7.580000000000000071e-01
1.965865340753225729e-04 9.674023437500000044e-01 1.304922888183593699e+00 7.589000000000000190e-01
1.914127258351072582e-04 9.687890624999999645e-01 1.341100463867187509e+00 7.600999999999999979e-01
1.987001794623210939e-04 9.669726562499999512e-01 1.315602120971679723e+00 7.677000000000000490e-01
1.876798062585294258e-04 9.694335937500000444e-01 1.245287698364257789e+00 7.631999999999999895e-01
1.912170386640354969e-04 9.685546874999999556e-01 1.296560861206054627e+00 7.591999999999999860e-01
1.855829671694664220e-04 9.696289062499999778e-01 1.283392166137695245e+00 7.583999999999999631e-01
1.907504320843145371e-04 9.690625000000000488e-01 1.413926553344726500e+00 7.503999999999999559e-01
1.917063431756105252e-04 9.691015625000000133e-01 1.382140795898437524e+00 7.519000000000000128e-01
1.883229783561546258e-04 9.694140624999999512e-01 1.347270611572265686e+00 7.640000000000000124e-01
1.820375970419263337e-04 9.706054687499999778e-01 1.314893719482421952e+00 7.631999999999999895e-01
1.917416538344696045e-04 9.686132812500000133e-01 1.293923718261718703e+00 7.641999999999999904e-01
1.900085170927923053e-04 9.695703125000000311e-01 1.336119717407226570e+00 7.594999999999999529e-01
1.767163006297778468e-04 9.700195312499999556e-01 1.436222131347656195e+00 7.528000000000000247e-01
1.828669922542758221e-04 9.706249999999999600e-01 1.407067288208007749e+00 7.588000000000000300e-01
1.758144469931721796e-04 9.701171874999999778e-01 1.382754754638671812e+00 7.546000000000000485e-01
1.763854490127414432e-04 9.704882812499999734e-01 1.356384536743164171e+00 7.549000000000000155e-01
1.793202887347433738e-04 9.703515624999999867e-01 1.369256518554687441e+00 7.588000000000000300e-01
1.851718060061102766e-04 9.692968749999999467e-01 1.296849633789062484e+00 7.671999999999999931e-01
1.800689459196291896e-04 9.702734374999999467e-01 1.363160314941406215e+00 7.608000000000000318e-01
1.806429578573442865e-04 9.705273437500000488e-01 1.406849652099609438e+00 7.514999999999999458e-01
1.819302545482059876e-04 9.706249999999999600e-01 1.271274053955078198e+00 7.709000000000000297e-01
1.744853136915480729e-04 9.714648437499999734e-01 1.365325234985351521e+00 7.623999999999999666e-01
1.807959728466812575e-04 9.704882812499999734e-01 1.405816918945312466e+00 7.566000000000000503e-01
1.805748181504895997e-04 9.701562500000000533e-01 1.392992614746093816e+00 7.552999999999999714e-01
1.766483679239172510e-04 9.707617187499999467e-01 1.395434249877929744e+00 7.557000000000000384e-01
1.770429247699212337e-04 9.711132812499999600e-01 1.375079711914062530e+00 7.652999999999999803e-01
1.748581563151674464e-04 9.718164062499999867e-01 1.457975561523437547e+00 7.539000000000000146e-01
1.772159184474730940e-04 9.701757812500000355e-01 1.357227236938476578e+00 7.572999999999999732e-01
1.705226299964124239e-04 9.712499999999999467e-01 1.533976416015625066e+00 7.548000000000000265e-01
1.720700512669282002e-04 9.712695312500000400e-01 1.398978533935546942e+00 7.559000000000000163e-01
1.808049120154464661e-04 9.702539062499999645e-01 1.421647647094726574e+00 7.570999999999999952e-01
1.731060072052059608e-04 9.713671874999999512e-01 1.293539271545410152e+00 7.630000000000000115e-01
1.749172912968788361e-04 9.716406250000000355e-01 1.382181393432617256e+00 7.574999999999999512e-01
1.642222201189724750e-04 9.735156249999999956e-01 1.343772680664062413e+00 7.643999999999999684e-01
1.657774623890873142e-04 9.732031249999999467e-01 1.384555993652343719e+00 7.580999999999999961e-01
1.773457595845684518e-04 9.707812500000000400e-01 1.415312289428710901e+00 7.601999999999999869e-01
1.708241010055644568e-04 9.715624999999999956e-01 1.409530560302734381e+00 7.601999999999999869e-01
1.661453931592404907e-04 9.734570312500000488e-01 1.432272930908203179e+00 7.564999999999999503e-01
1.672319174394942733e-04 9.713671874999999512e-01 1.451471893310546823e+00 7.599000000000000199e-01
1.608995573769789276e-04 9.730664062499999600e-01 1.408659661865234280e+00 7.569000000000000172e-01
1.680753586697392057e-04 9.722656250000000222e-01 1.388713568115234276e+00 7.641999999999999904e-01
1.671824131335597377e-04 9.724609374999999556e-01 1.349528158569335945e+00 7.661000000000000032e-01
1.673062401096103767e-04 9.719921875000000488e-01 1.482089755249023533e+00 7.586000000000000520e-01
1.735764757177094128e-04 9.716796875000000000e-01 1.381528704833984378e+00 7.632999999999999785e-01
1.597876845335122241e-04 9.736914062499999467e-01 1.379279818725585915e+00 7.620999999999999996e-01
1.651060111908009319e-04 9.729296874999999734e-01 1.370498669433593664e+00 7.654999999999999583e-01
1.607012305612442961e-04 9.735351562499999778e-01 1.448673956298828225e+00 7.571999999999999842e-01
1.605469392234226591e-04 9.735742187500000533e-01 1.446003778076171864e+00 7.511999999999999789e-01
1.677886937250150281e-04 9.721484375000000178e-01 1.495148184204101671e+00 7.504999999999999449e-01
1.615927118109539097e-04 9.738671875000000089e-01 1.418088342285156234e+00 7.617000000000000437e-01
1.627310088952071867e-04 9.730859375000000533e-01 1.425578466796874944e+00 7.562999999999999723e-01
1.635404145781649255e-04 9.739257812499999556e-01 1.449707000732421980e+00 7.541999999999999815e-01
1.586957221297779965e-04 9.736914062499999467e-01 1.398082693481445204e+00 7.612999999999999767e-01
1.609361603914294457e-04 9.739453125000000488e-01 1.403140008544921935e+00 7.619000000000000217e-01
1.619288400979712627e-04 9.739062499999999734e-01 1.485316973876953162e+00 7.544999999999999485e-01
1.620425583678297742e-04 9.733398437500000444e-01 1.454709982299804638e+00 7.599000000000000199e-01
1.593299378146184619e-04 9.734765625000000311e-01 1.455177410888671918e+00 7.509000000000000119e-01
1.574473798973485903e-04 9.741796874999999467e-01 1.401305120849609454e+00 7.590000000000000080e-01
1.610430999426171259e-04 9.738281250000000444e-01 1.454855575561523340e+00 7.620999999999999996e-01
1.580067214672453799e-04 9.740039062499999956e-01 1.441480807495117089e+00 7.628000000000000336e-01
1.572972465510247221e-04 9.734374999999999556e-01 1.362514324951171973e+00 7.698000000000000398e-01
1.541214459575712562e-04 9.741406249999999822e-01 1.434787075805664003e+00 7.627000000000000446e-01
1.531323012022767129e-04 9.740234374999999778e-01 1.439786709594726544e+00 7.543999999999999595e-01
1.567352378333452991e-04 9.748828124999999734e-01 1.485615847778320342e+00 7.573999999999999622e-01
1.587778388784499958e-04 9.737109375000000400e-01 1.471679342651367239e+00 7.600999999999999979e-01
1.498464795440668110e-04 9.750390625000000533e-01 1.466104693603515585e+00 7.624999999999999556e-01
1.562877571996068517e-04 9.751562499999999467e-01 1.465496746826171925e+00 7.580000000000000071e-01
1.552822588564595099e-04 9.747656249999999689e-01 1.441139266967773391e+00 7.578000000000000291e-01
1.565673113509547095e-04 9.740234374999999778e-01 1.362098147583007846e+00 7.672999999999999821e-01
1.640999162918888152e-04 9.731835937499999645e-01 1.387030407714843649e+00 7.673999999999999710e-01
1.553431544016348220e-04 9.744335937500000488e-01 1.474438183593749896e+00 7.593999999999999639e-01
1.543669375678291653e-04 9.743359375000000266e-01 1.426601452636718781e+00 7.662999999999999812e-01
1.509316094598034343e-04 9.754687499999999956e-01 1.468139263916015569e+00 7.593999999999999639e-01
1.542664974840590644e-04 9.752929687500000444e-01 1.494770642089843671e+00 7.594999999999999529e-01
1.506919304665643635e-04 9.748046875000000444e-01 1.465866235351562574e+00 7.583999999999999631e-01
1.534152991735027107e-04 9.743554687500000089e-01 1.428617211914062546e+00 7.650000000000000133e-01
1.496231446799356620e-04 9.747851562499999512e-01 1.475121923828125015e+00 7.665999999999999481e-01
1.558854923496255629e-04 9.743359375000000266e-01 1.412289193725585923e+00 7.589000000000000190e-01
1.531356882333057034e-04 9.741015625000000178e-01 1.476752722167968823e+00 7.629000000000000226e-01
1.481008683913387315e-04 9.762109374999999867e-01 1.507997656249999929e+00 7.540999999999999925e-01
1.513375965441810011e-04 9.750585937500000355e-01 1.544723370361328119e+00 7.569000000000000172e-01
1.568875166412908692e-04 9.739062499999999734e-01 1.483636901855468704e+00 7.633999999999999675e-01
1.476623745111282828e-04 9.753125000000000266e-01 1.499537261962890611e+00 7.637000000000000455e-01
1.553375699586467872e-04 9.748046875000000444e-01 1.442936395263671789e+00 7.600999999999999979e-01
1.461939034925308187e-04 9.768164062499999911e-01 1.529596508789062392e+00 7.610000000000000098e-01
1.421086653135716796e-04 9.763281249999999911e-01 1.465731231689453073e+00 7.610999999999999988e-01
1.474386977497488282e-04 9.755859375000000000e-01 1.452725543212890713e+00 7.689000000000000279e-01
1.457782310899347034e-04 9.763281249999999911e-01 1.529870617675781252e+00 7.567000000000000393e-01
1.507164596114307675e-04 9.750195312499999600e-01 1.538004379272460920e+00 7.556000000000000494e-01
1.508572189050028036e-04 9.758007812500000266e-01 1.479942330932617178e+00 7.620999999999999996e-01
1.467323596443748047e-04 9.758789062499999556e-01 1.452691125488281276e+00 7.678000000000000380e-01
1.599072814860846977e-04 9.739843750000000133e-01 1.467440597534179769e+00 7.630000000000000115e-01
1.421346425195224551e-04 9.760937499999999822e-01 1.476974569702148354e+00 7.614999999999999547e-01
1.455737720243632718e-04 9.758398437499999911e-01 1.480796121215820271e+00 7.648000000000000353e-01
1.564751156547572507e-04 9.743164062500000444e-01 1.557511840820312576e+00 7.580000000000000071e-01
1.471898931777104659e-04 9.766210937499999467e-01 1.440247402954101474e+00 7.687000000000000499e-01
1.551044092775555425e-04 9.749023437499999556e-01 1.548201791381836001e+00 7.556000000000000494e-01
1.459807562059722797e-04 9.757421874999999689e-01 1.535161712646484267e+00 7.635999999999999455e-01
1.479143356846179813e-04 9.761328124999999467e-01 1.490855932617187518e+00 7.602999999999999758e-01
1.418438587279524654e-04 9.763867187500000488e-01 1.527988888549804747e+00 7.603999999999999648e-01
1.428362866863608480e-04 9.767968750000000089e-01 1.521517541503906168e+00 7.651999999999999913e-01
1.461261363147059456e-04 9.760351562500000355e-01 1.445709646606445409e+00 7.631999999999999895e-01
1.443216052939533223e-04 9.761328124999999467e-01 1.469564904785156223e+00 7.643999999999999684e-01
1.489459610456833735e-04 9.761523437500000400e-01 1.516319625854492203e+00 7.609000000000000208e-01
1.425956933962879778e-04 9.765039062500000533e-01 1.518821179199218774e+00 7.613999999999999657e-01
1.457215237314812752e-04 9.762304687499999689e-01 1.517183978271484435e+00 7.657000000000000473e-01
1.421152646798873320e-04 9.761523437500000400e-01 1.613091119384765681e+00 7.503999999999999559e-01
1.440641596855130036e-04 9.762890625000000266e-01 1.475453909301757793e+00 7.603999999999999648e-01
1.461027900222688816e-04 9.756249999999999645e-01 1.518803112792968646e+00 7.558000000000000274e-01
1.414013202156638640e-04 9.766992187499999867e-01 1.538001168823242226e+00 7.610999999999999988e-01
1.439496244711335629e-04 9.752148437500000044e-01 1.632839825439453163e+00 7.563999999999999613e-01
1.465233957424061503e-04 9.762890625000000266e-01 1.621306359863281310e+00 7.520000000000000018e-01
1.333902129408670557e-04 9.783398437500000488e-01 1.509007189941406146e+00 7.586000000000000520e-01
1.472304425260517844e-04 9.764648437499999778e-01 1.518361544799804674e+00 7.590000000000000080e-01
1.436635924619622583e-04 9.753515624999999911e-01 1.575361163330078140e+00 7.582999999999999741e-01
1.378529156500008022e-04 9.765234375000000355e-01 1.536823312377929796e+00 7.604999999999999538e-01
1.456990087172016588e-04 9.756445312499999467e-01 1.535013476562500090e+00 7.631000000000000005e-01
1.427903638250427451e-04 9.764648437499999778e-01 1.557245324707031253e+00 7.580000000000000071e-01
1.414942721021361627e-04 9.768750000000000488e-01 1.500287411499023449e+00 7.602999999999999758e-01
1.354396776878274880e-04 9.774609374999999600e-01 1.531251480102538975e+00 7.622999999999999776e-01
1.430800867092329933e-04 9.765625000000000000e-01 1.496324191284179594e+00 7.640000000000000124e-01
1.346475342870689874e-04 9.773242187499999734e-01 1.522766769409179766e+00 7.616000000000000547e-01
1.337757638975744948e-04 9.782031249999999512e-01 1.592718609619140580e+00 7.601999999999999869e-01
1.499637018423527360e-04 9.758203125000000089e-01 1.449283700561523336e+00 7.683999999999999719e-01
1.394986011291621253e-04 9.773437499999999556e-01 1.553584124755859275e+00 7.582999999999999741e-01
1.351084859925322365e-04 9.775585937499999822e-01 1.445415930175781183e+00 7.712999999999999856e-01
1.374603164003929210e-04 9.771289062500000400e-01 1.535950988769531289e+00 7.600999999999999979e-01
1.349550979648483895e-04 9.771679687500000044e-01 1.493233032226562562e+00 7.629000000000000226e-01
1.372368537704460225e-04 9.775976562499999467e-01 1.532090353393554594e+00 7.640000000000000124e-01
1.399847250286256851e-04 9.774414062499999778e-01 1.522632888793945316e+00 7.622999999999999776e-01
1.437823903324897325e-04 9.770507812500000000e-01 1.476819857788085999e+00 7.662999999999999812e-01
1.326977807912044303e-04 9.770312500000000178e-01 1.545963507080078125e+00 7.655999999999999472e-01
1.393657135486137144e-04 9.775976562499999467e-01 1.575948901367187460e+00 7.608000000000000318e-01
1.299634353927103857e-04 9.783007812499999734e-01 1.586334451293945236e+00 7.648000000000000353e-01
1.366554546984843888e-04 9.769335937499999956e-01 1.537801361083984464e+00 7.625999999999999446e-01
1.404821644973708447e-04 9.772460937500000444e-01 1.528234594726562534e+00 7.623999999999999666e-01
1.361396630818489961e-04 9.773242187499999734e-01 1.574514956665039156e+00 7.671000000000000041e-01
1.337257110208156410e-04 9.781640624999999867e-01 1.649147161865234468e+00 7.566000000000000503e-01
1.352593991759931636e-04 9.782421875000000266e-01 1.524359136962890604e+00 7.677000000000000490e-01
1.339505978830857083e-04 9.782226562500000444e-01 1.516837976074218775e+00 7.685999999999999499e-01
1.376418038125848311e-04 9.778515625000000488e-01 1.492650036621093745e+00 7.616000000000000547e-01
1.316679056617431353e-04 9.789453125000000533e-01 1.574899945068359397e+00 7.661000000000000032e-01
1.387201098259538325e-04 9.772656250000000266e-01 1.587283804321289127e+00 7.637000000000000455e-01
1.332596749853109908e-04 9.781640624999999867e-01 1.536854284667968695e+00 7.650000000000000133e-01
1.387316963518969725e-04 9.776562500000000044e-01 1.574659738159179589e+00 7.613999999999999657e-01
1.374108801610418693e-04 9.769531249999999778e-01 1.563416552734375076e+00 7.627000000000000446e-01
1.312439440516755007e-04 9.782226562500000444e-01 1.582933853149414150e+00 7.630000000000000115e-01
